62 3 0 1 1 1
63 3 0 1 1 1
64 3 0 1 1 1
65 3 0 1 1 1
66 3 0 1 1 1
67 3 0 1 1 1
68 3 0 1 1 1
59 4 0 1 1 1
60 4 0 1 1 1
61 4 0 1 1 1
62 4 0 1 1 1
63 4 0 1 1 1
64 4 0 1 1 1
65 4 0 1 1 1
66 4 0 1 1 1
67 4 0 1 1 1
68 4 0 1 1 1
69 4 0 1 1 1
70 4 0 1 1 1
58 5 0 1 1 1
59 5 0 1 1 1
60 5 0 1 1 1
61 5 0 1 1 1
62 5 0 1 1 1
63 5 0 1 1 1
64 5 0 1 1 1
65 5 0 1 1 1
66 5 0 1 1 1
67 5 0 1 1 1
68 5 0 1 1 1
69 5 0 1 1 1
70 5 0 1 1 1
71 5 0 1 1 1
72 5 0 1 1 1 0 1
56 6 0 1 1 1
57 6 0 1 1 1
58 6 0 1 1 1
59 6 0 1 1 1
60 6 0 1 1 1
61 6 0 1 1 1
62 6 0 1 1 1
63 6 0 1 1 1
64 6 0 1 1 1
65 6 0 1 1 1
66 6 0 1 1 1
67 6 0 1 1 1
68 6 0 1 1 1
69 6 0 1 1 1
70 6 0 1 1 1
71 6 0 1 1 1
72 6 0 1 1 1
56 7 0 1 1 1
57 7 0 1 1 1
58 7 0 1 1 1
59 7 0 1 1 1
60 7 0 1 1 1
61 7 0 1 1 1
62 7 0 1 1 1
63 7 0 1 1 1
64 7 0 1 1 1
65 7 0 1 1 1
66 7 0 1 1 1
67 7 0 1 1 1
68 7 0 1 1 1
69 7 0 1 1 1
70 7 0 1 1 1
71 7 0 1 1 1
54 8 0 1 1 1
55 8 0 1 1 1
56 8 0 1 1 1
57 8 0 1 1 1
58 8 0 1 1 1
59 8 0 1 1 1
60 8 0 1 1 1
61 8 0 1 1 1
62 8 0 1 1 1
63 8 0 1 1 1
64 8 0 1 1 1
65 8 0 1 1 1
66 8 0 1 1 1
67 8 0 1 1 1
68 8 0 1 1 1
69 8 0 1 1 1
70 8 0 1 1 1
71 8 0 1 1 1
54 9 0 1 1 1
55 9 0 1 1 1
56 9 0 1 1 1
57 9 0 1 1 1
58 9 0 1 1 1
59 9 0 1 1 1
60 9 0 1 1 1
61 9 0 1 1 1
62 9 0 1 1 1
63 9 0 1 1 1
64 9 0 1 1 1
65 9 0 1 1 1
66 9 0 1 1 1
67 9 0 1 1 1
68 9 0 1 1 1
69 9 0 1 1 1
70 9 0 1 1 1
71 9 0 1 1 1
116 9 0 2 0 1
54 10 0 1 1 1
55 10 0 1 1 1
56 10 0 1 1 1
57 10 0 1 1 1
58 10 0 1 1 1
59 10 0 1 1 1
60 10 0 1 1 1
61 10 0 1 1 1
62 10 0 1 1 1
63 10 0 1 1 1
64 10 0 1 1 1
65 10 0 1 1 1
66 10 0 1 1 1
67 10 0 1 1 1
68 10 0 1 1 1
69 10 0 1 1 1
70 10 0 1 1 1
71 10 0 1 1 1
72 10 0 1 1 1
112 10 0 2 0 1
116 10 0 2 0 1
117 10 0 2 0 1
118 10 0 2 0 1
119 10 0 2 0 1
120 10 0 2 0 1
58 11 0 1 1 1
59 11 0 1 1 1
60 11 0 1 1 1
61 11 0 1 1 1
62 11 0 1 1 1
63 11 0 1 1 1
64 11 0 1 1 1
65 11 0 1 1 1
66 11 0 1 1 1
67 11 0 1 1 1
68 11 0 1 1 1
69 11 0 1 1 1
70 11 0 1 1 1
71 11 0 1 1 1
104 11 0 2 0 1
105 11 0 2 0 1
110 11 0 2 0 1
111 11 0 2 0 1
112 11 0 2 0 1
113 11 0 2 0 1
114 11 0 2 0 1
115 11 0 2 0 1
116 11 0 2 0 1
117 11 0 2 0 1
118 11 0 2 0 1
119 11 0 2 0 1
23 12 0 1 1 2
24 12 0 1 1 2
25 12 0 1 1 2
26 12 0 1 1 2
27 12 0 1 1 2
28 12 0 1 1 2
29 12 0 1 1 2
30 12 0 1 1 2
31 12 0 1 1 2
48 12 0 1 1 2
50 12 0 1 1 2
58 12 0 1 1 1
59 12 0 1 1 1
60 12 0 1 1 1
61 12 0 1 1 1
62 12 0 1 1 1
63 12 0 1 1 1
64 12 0 1 1 1
65 12 0 1 1 1
66 12 0 1 1 1
67 12 0 1 1 1
68 12 0 1 1 1
69 12 0 1 1 1
70 12 0 1 1 1
104 12 0 2 0 1
105 12 0 2 0 1
106 12 0 2 0 1
107 12 0 2 0 1
108 12 0 2 0 1
109 12 0 2 0 1
110 12 0 2 0 1
111 12 0 2 0 1
112 12 0 2 0 1
113 12 0 2 0 1
114 12 0 2 0 1
115 12 0 2 0 1
116 12 0 2 0 1
117 12 0 2 0 1
118 12 0 2 0 1
120 12 0 2 0 1
121 12 0 2 0 1
122 12 0 2 0 1
123 12 0 2 0 1
124 12 0 2 0 1
125 12 0 2 0 1
126 12 0 2 0 1 0 1
18 13 0 1 1 2
19 13 0 1 1 2
20 13 0 1 1 2
21 13 0 1 1 2
22 13 0 1 1 2
23 13 0 1 1 2
24 13 0 1 1 2
25 13 0 1 1 2
26 13 0 1 1 2
27 13 0 1 1 2
28 13 0 1 1 2
29 13 0 1 1 2
30 13 0 1 1 2
31 13 0 1 1 2
32 13 0 1 1 2
33 13 0 1 1 2
45 13 0 1 1 2
46 13 0 1 1 2
47 13 0 1 1 2
48 13 0 1 1 2
49 13 0 1 1 2
50 13 0 1 1 2
51 13 0 1 1 2
58 13 0 1 1 1
59 13 0 1 1 1
60 13 0 1 1 1
61 13 0 1 1 1
62 13 0 1 1 1
63 13 0 1 1 1
64 13 0 1 1 1
65 13 0 1 1 1
66 13 0 1 1 1
67 13 0 1 1 1
68 13 0 1 1 1
69 13 0 1 1 1
70 13 0 1 1 1
104 13 0 2 0 1
105 13 0 2 0 1
106 13 0 2 0 1
107 13 0 2 0 1
108 13 0 2 0 1 1 0
109 13 0 2 0 1
110 13 0 2 0 1
111 13 0 2 0 1
112 13 0 2 0 1
113 13 0 2 0 1
114 13 0 2 0 1
115 13 0 2 0 1
116 13 0 2 0 1
117 13 0 2 0 1
118 13 0 2 0 1
119 13 0 2 0 1
120 13 0 2 0 1
121 13 0 2 0 1
122 13 0 2 0 1
123 13 0 2 0 1
124 13 0 2 0 1
125 13 0 2 0 1
126 13 0 2 0 1
127 13 0 2 0 1
128 13 0 2 0 1
129 13 0 2 0 1
130 13 0 2 0 1
131 13 0 2 0 1
132 13 0 2 0 1
133 13 0 2 0 1
134 13 0 2 0 1
135 13 0 2 0 1
136 13 0 2 0 1
15 14 0 1 1 2
16 14 0 1 1 2
17 14 0 1 1 2
18 14 0 1 1 2
19 14 0 1 1 2
20 14 0 1 1 2
21 14 0 1 1 2
22 14 0 1 1 2
23 14 0 1 1 2
24 14 0 1 1 2
25 14 0 1 1 2
26 14 0 1 1 2
27 14 0 1 1 2
28 14 0 1 1 2
29 14 0 1 1 2
30 14 0 1 1 2
31 14 0 1 1 2
32 14 0 1 1 2
33 14 0 1 1 2
34 14 0 1 1 2
43 14 0 1 1 2
46 14 0 1 1 2
47 14 0 1 1 2
50 14 0 1 1 2
51 14 0 1 1 2
52 14 0 1 1 2
58 14 0 1 1 1
59 14 0 1 1 1
60 14 0 1 1 1
61 14 0 1 1 1
62 14 0 1 1 1
63 14 0 1 1 1
64 14 0 1 1 1
65 14 0 1 1 1
66 14 0 1 1 1
67 14 0 1 1 1
68 14 0 1 1 1
69 14 0 1 1 1
87 14 0 2 2 2
88 14 0 2 0 2
89 14 0 2 0 2
90 14 0 2 0 2
102 14 0 2 0 1
104 14 0 2 0 1
105 14 0 2 0 1
106 14 0 2 0 1
107 14 0 2 0 1
108 14 0 2 0 1
109 14 0 2 0 1
110 14 0 2 0 1
111 14 0 2 0 1
112 14 0 2 0 1
113 14 0 2 0 1
114 14 0 2 0 1
115 14 0 2 0 1
116 14 0 2 0 1
117 14 0 2 0 1
118 14 0 2 0 1
119 14 0 2 0 1
120 14 0 2 0 1
121 14 0 2 0 1
122 14 0 2 0 1
123 14 0 2 0 1
124 14 0 2 0 1
125 14 0 2 0 1
126 14 0 2 0 1
127 14 0 2 0 1
128 14 0 2 0 1
129 14 0 2 0 1
130 14 0 2 0 1
131 14 0 2 0 1
132 14 0 2 0 1
133 14 0 2 0 1
134 14 0 2 0 1
135 14 0 2 0 1
136 14 0 2 0 1
137 14 0 2 0 1
138 14 0 2 0 1
139 14 0 2 0 1
143 14 0 2 0 1
144 14 0 2 0 1
145 14 0 2 0 1
146 14 0 2 0 1
16 15 0 1 1 2
17 15 0 1 1 2
18 15 0 1 1 2
19 15 0 1 1 2
20 15 0 1 1 2
21 15 0 1 1 2
22 15 0 1 1 2
23 15 0 1 1 2 1 0
24 15 0 1 1 2
25 15 0 1 1 2
26 15 0 1 1 2
27 15 0 1 1 2
28 15 0 1 1 2
29 15 0 1 1 2
30 15 0 1 1 2
31 15 0 1 1 2
32 15 0 1 1 2
33 15 0 1 1 2
34 15 0 1 1 2
35 15 0 1 1 2
43 15 0 1 1 2
44 15 0 1 1 2
45 15 0 1 1 2
46 15 0 1 1 2
51 15 0 1 1 2
52 15 0 1 1 2
53 15 0 1 1 2
54 15 0 1 1 2
58 15 0 1 1 1
59 15 0 1 1 1
60 15 0 1 1 1
61 15 0 1 1 1
62 15 0 1 1 1
63 15 0 1 1 1
64 15 0 1 1 1
65 15 0 1 1 1
66 15 0 1 1 1
67 15 0 1 1 1
68 15 0 1 1 1
86 15 0 2 2 2
87 15 0 2 2 2
88 15 0 2 0 2
89 15 0 2 0 2
90 15 0 2 0 2
91 15 0 2 0 1
92 15 0 2 0 1
96 15 0 2 0 1
97 15 0 2 0 1
98 15 0 2 0 1
99 15 0 2 0 1
100 15 0 2 0 1
101 15 0 2 0 1
102 15 0 2 0 1
103 15 0 2 0 1
104 15 0 2 0 1
105 15 0 2 0 1
106 15 0 2 0 1
107 15 0 2 0 1
108 15 0 2 0 1
109 15 0 2 0 1
110 15 0 2 0 1
111 15 0 2 0 1
112 15 0 2 0 1
113 15 0 2 0 1
114 15 0 2 0 1
115 15 0 2 0 1
116 15 0 2 0 1
117 15 0 2 0 1
118 15 0 2 0 1
119 15 0 2 0 1
120 15 0 2 0 1
121 15 0 2 0 1
122 15 0 2 0 1
123 15 0 2 0 1
124 15 0 2 0 1
125 15 0 2 0 1
126 15 0 2 0 1
127 15 0 2 0 1
128 15 0 2 0 1
129 15 0 2 0 1
130 15 0 2 0 1
131 15 0 2 0 1
132 15 0 2 0 1 1 0
133 15 0 2 0 1
134 15 0 2 0 1
135 15 0 2 0 1
136 15 0 2 0 1
137 15 0 2 0 1
138 15 0 2 0 1
139 15 0 2 0 1
140 15 0 2 0 1
141 15 0 2 0 1
142 15 0 2 0 1
143 15 0 2 0 1
144 15 0 2 0 1
145 15 0 2 0 1
146 15 0 2 0 1
147 15 0 2 0 1
148 15 0 2 0 1
149 15 0 2 0 1
16 16 0 1 1 2
17 16 0 1 1 2
18 16 0 1 1 2
19 16 0 1 1 2
20 16 0 1 1 2
21 16 0 1 1 2
22 16 0 1 1 2
23 16 0 1 1 2
24 16 0 1 1 2
25 16 0 1 1 2
26 16 0 1 1 2
27 16 0 1 1 2
28 16 0 1 1 2
29 16 0 1 1 2
30 16 0 1 1 2
31 16 0 1 1 2
32 16 0 1 1 2
33 16 0 1 1 2
34 16 0 1 1 2
35 16 0 1 1 2
36 16 0 1 1 2
37 16 0 1 1 2
38 16 0 1 1 2
39 16 0 1 1 2
40 16 0 1 1 2
41 16 0 1 1 2
42 16 0 1 1 2
43 16 0 1 1 2
44 16 0 1 1 2
45 16 0 1 1 2
46 16 0 1 1 2
50 16 0 1 1 2
51 16 0 1 1 2
54 16 0 1 1 2
58 16 0 1 1 1
59 16 0 1 1 1
60 16 0 1 1 1
61 16 0 1 1 1
62 16 0 1 1 1
63 16 0 1 1 1
64 16 0 1 1 1
65 16 0 1 1 1
84 16 0 2 2 2
85 16 0 2 2 2
86 16 0 2 2 2
87 16 0 2 2 2
88 16 0 2 0 2
89 16 0 2 0 2
90 16 0 2 0 2
91 16 0 2 0 1
92 16 0 2 0 1
93 16 0 2 0 1
94 16 0 2 0 1
95 16 0 2 0 1
96 16 0 2 0 1
97 16 0 2 0 1
98 16 0 2 0 1
99 16 0 2 0 1
100 16 0 2 0 1
101 16 0 2 0 1
102 16 0 2 0 1
103 16 0 2 0 1
104 16 0 2 0 1
105 16 0 2 0 1
106 16 0 2 0 1
107 16 0 2 0 1
108 16 0 2 0 1
109 16 0 2 0 1
110 16 0 2 0 1
111 16 0 2 0 1
112 16 0 2 0 1
113 16 0 2 0 1
114 16 0 2 0 1
115 16 0 2 0 1
116 16 0 2 0 1
117 16 0 2 0 1
118 16 0 2 0 1
119 16 0 2 0 1
120 16 0 2 0 1
121 16 0 2 0 1
122 16 0 2 0 1
123 16 0 2 0 1
124 16 0 2 0 1
125 16 0 2 0 1
126 16 0 2 0 1
127 16 0 2 0 1
128 16 0 2 0 1
129 16 0 2 0 1
130 16 0 2 0 1
131 16 0 2 0 1
132 16 0 2 0 1
133 16 0 2 0 1
134 16 0 2 0 1
135 16 0 2 0 1
136 16 0 2 0 1
137 16 0 2 0 1
138 16 0 2 0 1
139 16 0 2 0 1
140 16 0 2 0 1
141 16 0 2 0 1
142 16 0 2 0 1
143 16 0 2 0 1
144 16 0 2 0 1
145 16 0 2 0 1
146 16 0 2 0 1
147 16 0 2 0 1
148 16 0 2 0 1
149 16 0 2 0 1
150 16 0 2 0 1
14 17 0 1 1 2
15 17 0 1 1 2
16 17 0 1 1 2
17 17 0 1 1 2
18 17 0 1 1 2
19 17 0 1 1 2
20 17 0 1 1 2
21 17 0 1 1 2
22 17 0 1 1 2
23 17 0 1 1 2
24 17 0 1 1 2
25 17 0 1 1 2
26 17 0 1 1 2
27 17 0 1 1 2
28 17 0 1 1 2
29 17 0 1 1 2
30 17 0 1 1 2
31 17 0 1 1 2
32 17 0 1 1 2
33 17 0 1 1 2
34 17 0 1 1 2
35 17 0 1 1 2
36 17 0 1 1 2
37 17 0 1 1 2
38 17 0 1 1 2
39 17 0 1 1 2
40 17 0 1 1 2
41 17 0 1 1 2
42 17 0 1 1 2
43 17 0 1 1 2
44 17 0 1 1 2
45 17 0 1 1 2
50 17 0 1 1 2
51 17 0 1 1 2
52 17 0 1 1 2
58 17 0 1 1 1
59 17 0 1 1 1
60 17 0 1 1 1
61 17 0 1 1 1
62 17 0 1 1 1
84 17 0 2 2 2
85 17 0 2 2 2
86 17 0 2 2 2
87 17 0 2 2 2
88 17 0 2 0 2
89 17 0 2 0 2
90 17 0 2 0 2
91 17 0 2 0 1
92 17 0 2 0 1
93 17 0 2 0 1
94 17 0 2 0 1
95 17 0 2 0 1
96 17 0 2 0 1
97 17 0 2 0 1
98 17 0 2 0 1
99 17 0 2 0 1
100 17 0 2 0 1
101 17 0 2 0 1
102 17 0 2 0 1
103 17 0 2 0 1
104 17 0 2 0 1
105 17 0 2 0 1
106 17 0 2 0 1
107 17 0 2 0 1
108 17 0 2 0 1
109 17 0 2 0 1
110 17 0 2 0 1
111 17 0 2 0 1
112 17 0 2 0 1
113 17 0 2 0 1
114 17 0 2 0 1
115 17 0 2 0 1
116 17 0 2 0 1
117 17 0 2 0 1
118 17 0 2 0 1
119 17 0 2 0 1
120 17 0 2 0 1
121 17 0 2 0 1
122 17 0 2 0 1
123 17 0 2 0 1
124 17 0 2 0 1
125 17 0 2 0 1
126 17 0 2 0 1
127 17 0 2 0 1
128 17 0 2 0 1
129 17 0 2 0 1
130 17 0 2 0 1
131 17 0 2 0 1
132 17 0 2 0 1
133 17 0 2 0 1
134 17 0 2 0 1
135 17 0 2 0 1
136 17 0 2 0 1
137 17 0 2 0 1
138 17 0 2 0 1
139 17 0 2 0 1
140 17 0 2 0 1
141 17 0 2 0 1
142 17 0 2 0 1
143 17 0 2 0 1
144 17 0 2 0 1
145 17 0 2 0 1
146 17 0 2 0 1
147 17 0 2 0 1
148 17 0 2 0 1
149 17 0 2 0 1
150 17 0 2 0 1
16 18 0 1 1 2
17 18 0 1 1 2
18 18 0 1 1 2
19 18 0 1 1 2
20 18 0 1 1 2
21 18 0 1 1 2
22 18 0 1 1 2
23 18 0 1 1 2
24 18 0 1 1 2
25 18 0 1 1 2
26 18 0 1 1 2
27 18 0 1 1 2
28 18 0 1 1 2
29 18 0 1 1 2
30 18 0 1 1 2
31 18 0 1 1 2
32 18 0 1 1 2
33 18 0 1 1 2
34 18 0 1 1 2
35 18 0 1 1 2
36 18 0 1 1 2
37 18 0 1 1 2
38 18 0 1 1 2
39 18 0 1 1 2
40 18 0 1 1 2
41 18 0 1 1 2
42 18 0 1 1 2
52 18 0 1 1 2
59 18 0 1 1 1
60 18 0 1 1 1
61 18 0 1 1 1
62 18 0 1 1 1
82 18 0 2 2 2
83 18 0 2 2 2
84 18 0 2 2 2
87 18 0 2 0 2
88 18 0 2 0 2
89 18 0 2 0 2
90 18 0 2 0 2
91 18 0 2 0 1
92 18 0 2 0 1
93 18 0 2 0 1
94 18 0 2 0 1
95 18 0 2 0 1
96 18 0 2 0 1
97 18 0 2 0 1
98 18 0 2 0 1
99 18 0 2 0 1
100 18 0 2 0 1
101 18 0 2 0 1
102 18 0 2 0 1
103 18 0 2 0 1
104 18 0 2 0 1
105 18 0 2 0 1
106 18 0 2 0 1
107 18 0 2 0 1
108 18 0 2 0 1
109 18 0 2 0 1
110 18 0 2 0 1
111 18 0 2 0 1
112 18 0 2 0 1
113 18 0 2 0 1
114 18 0 2 0 1
115 18 0 2 0 1
116 18 0 2 0 1
117 18 0 2 0 1
118 18 0 2 0 1
119 18 0 2 0 1
120 18 0 2 0 1
121 18 0 2 0 1
122 18 0 2 0 1
123 18 0 2 0 1
124 18 0 2 0 1
125 18 0 2 0 1
126 18 0 2 0 1
127 18 0 2 0 1
128 18 0 2 0 1
129 18 0 2 0 1
130 18 0 2 0 1
131 18 0 2 0 1
132 18 0 2 0 1
133 18 0 2 0 1
134 18 0 2 0 1
135 18 0 2 0 1
136 18 0 2 0 1
137 18 0 2 0 1
138 18 0 2 0 1
139 18 0 2 0 1
140 18 0 2 0 1
141 18 0 2 0 1
142 18 0 2 0 1
143 18 0 2 0 1
144 18 0 2 0 1
145 18 0 2 0 1
146 18 0 2 0 1
147 18 0 2 0 1
148 18 0 2 0 1
14 19 0 1 1 2
15 19 0 1 1 2
16 19 0 1 1 2
17 19 0 1 1 2
18 19 0 1 1 2
19 19 0 1 1 2
20 19 0 1 1 2
21 19 0 1 1 2
22 19 0 1 1 2
23 19 0 1 1 2
24 19 0 1 1 2
25 19 0 1 1 2
26 19 0 1 1 2
27 19 0 1 1 2
28 19 0 1 1 2
29 19 0 1 1 2
30 19 0 1 1 2
31 19 0 1 1 2
32 19 0 1 1 2
33 19 0 1 1 2
34 19 0 1 1 2
35 19 0 1 1 2
36 19 0 1 1 2
37 19 0 1 1 2
38 19 0 1 1 2
39 19 0 1 1 2
40 19 0 1 1 2
41 19 0 1 1 2
48 19 0 1 1 2
49 19 0 1 1 2
60 19 0 1 1 1
61 19 0 1 1 1
62 19 0 1 1 1
80 19 0 2 2 2
81 19 0 2 2 2
82 19 0 2 2 2
83 19 0 2 2 2 1 0
84 19 0 2 2 2
87 19 0 2 0 2
88 19 0 2 0 2
89 19 0 2 0 2
90 19 0 2 0 2
91 19 0 2 0 1
92 19 0 2 0 1
93 19 0 2 0 1
94 19 0 2 0 1
95 19 0 2 0 1
96 19 0 2 0 1
97 19 0 2 0 1
98 19 0 2 0 1
99 19 0 2 0 1
100 19 0 2 0 1
101 19 0 2 0 1
102 19 0 2 0 1
103 19 0 2 0 1
104 19 0 2 0 1
105 19 0 2 0 1
106 19 0 2 0 1
107 19 0 2 0 1
108 19 0 2 0 1
109 19 0 2 0 1
110 19 0 2 0 1
111 19 0 2 0 1
112 19 0 2 0 1
113 19 0 2 0 1
114 19 0 2 0 1
115 19 0 2 0 1
116 19 0 2 0 1
117 19 0 2 0 1
118 19 0 2 0 1
119 19 0 2 0 1
120 19 0 2 0 1
121 19 0 2 0 1
122 19 0 2 0 1
123 19 0 2 0 1
124 19 0 2 0 1
125 19 0 2 0 1
126 19 0 2 0 1
127 19 0 2 0 1
128 19 0 2 0 1
129 19 0 2 0 1
130 19 0 2 0 1
131 19 0 2 0 1
132 19 0 2 0 1
133 19 0 2 0 1
134 19 0 2 0 1
135 19 0 2 0 1
136 19 0 2 0 1
137 19 0 2 0 1
138 19 0 2 0 1
139 19 0 2 0 1
140 19 0 2 0 1
142 19 0 2 0 1
143 19 0 2 0 1
144 19 0 2 0 1
145 19 0 2 0 1
146 19 0 2 0 1
14 20 0 1 1 2
15 20 0 1 1 2
16 20 0 1 1 2
17 20 0 1 1 2
19 20 0 1 1 2
20 20 0 1 1 2
21 20 0 1 1 2
22 20 0 1 1 2
23 20 0 1 1 2
24 20 0 1 1 2
25 20 0 1 1 2
26 20 0 1 1 2
27 20 0 1 1 2
28 20 0 1 1 2
29 20 0 1 1 2
30 20 0 1 1 2
31 20 0 1 1 2
32 20 0 1 1 2
33 20 0 1 1 2
34 20 0 1 1 2
35 20 0 1 1 2
36 20 0 1 1 2
37 20 0 1 1 2
38 20 0 1 1 2
39 20 0 1 1 2
40 20 0 1 1 2
49 20 0 1 1 2
50 20 0 1 1 2
61 20 0 1 1 1
81 20 0 2 2 2
82 20 0 2 2 2
83 20 0 2 2 2
84 20 0 2 2 2
88 20 0 2 0 2
89 20 0 2 0 2
90 20 0 2 1 2
91 20 0 2 0 1
92 20 0 2 0 1
93 20 0 2 0 1
94 20 0 2 0 1
95 20 0 2 0 1
96 20 0 2 0 1
97 20 0 2 0 1
98 20 0 2 0 1
99 20 0 2 0 1
100 20 0 2 0 1
101 20 0 2 0 1
102 20 0 2 0 1
103 20 0 2 0 1
104 20 0 2 0 1
105 20 0 2 0 1
106 20 0 2 0 1
107 20 0 2 0 1
108 20 0 2 0 1
109 20 0 2 0 1
110 20 0 2 0 1
111 20 0 2 0 1
112 20 0 2 0 1
113 20 0 2 0 1
114 20 0 2 0 1
115 20 0 2 0 1
116 20 0 2 0 1
117 20 0 2 0 1
118 20 0 2 0 1
119 20 0 2 0 1
120 20 0 2 0 1
121 20 0 2 0 1
122 20 0 2 0 1
123 20 0 2 0 1
124 20 0 2 0 1
125 20 0 2 0 1
126 20 0 2 0 1
127 20 0 2 0 1
128 20 0 2 0 1
129 20 0 2 0 1
130 20 0 2 0 1
131 20 0 2 0 1
132 20 0 2 0 1
133 20 0 2 0 1
134 20 0 2 0 1
135 20 0 2 0 1
136 20 0 2 0 1
137 20 0 2 0 1
138 20 0 2 0 1
139 20 0 2 0 1
140 20 0 2 0 1
143 20 0 2 0 1
144 20 0 2 0 1
145 20 0 2 0 1 0 1
16 21 0 1 1 2
22 21 0 1 1 2
23 21 0 1 1 2
24 21 0 1 1 2
25 21 0 1 1 2
26 21 0 1 1 2
27 21 0 1 1 2
28 21 0 1 1 2
29 21 0 1 1 2
30 21 0 1 1 2
31 21 0 1 1 2
32 21 0 1 1 2
33 21 0 1 1 2
34 21 0 1 1 2
35 21 0 1 1 2
36 21 0 1 1 2
37 21 0 1 1 2
38 21 0 1 1 2
39 21 0 1 1 2
40 21 0 1 1 2
48 21 0 1 1 2
49 21 0 1 1 2
50 21 0 1 1 2
51 21 0 1 1 2
52 21 0 1 1 2
53 21 0 1 1 2
84 21 0 2 2 2
89 21 0 2 1 2
90 21 0 2 0 1
91 21 0 2 0 1
92 21 0 2 0 1
93 21 0 2 0 1
94 21 0 2 0 1
95 21 0 2 0 1
96 21 0 2 0 1
97 21 0 2 0 1
98 21 0 2 0 1
99 21 0 2 0 1
100 21 0 2 0 1
101 21 0 2 0 1
102 21 0 2 0 1
103 21 0 2 0 1
104 21 0 2 0 1 1 0
105 21 0 2 0 1
106 21 0 2 0 1
107 21 0 2 0 1
108 21 0 2 0 1
109 21 0 2 0 1
110 21 0 2 0 1
111 21 0 2 0 1
112 21 0 2 0 1
113 21 0 2 0 1
114 21 0 2 0 1
115 21 0 2 0 1
116 21 0 2 0 1
117 21 0 2 0 1
118 21 0 2 0 1
119 21 0 2 0 1
120 21 0 2 0 1
121 21 0 2 0 1
122 21 0 2 0 1 1 0
123 21 0 2 0 1
124 21 0 2 0 1
125 21 0 2 0 1
126 21 0 2 0 1
127 21 0 2 0 1
128 21 0 2 0 1
129 21 0 2 0 1
130 21 0 2 0 1
131 21 0 2 0 1
132 21 0 2 0 1
133 21 0 2 0 1
134 21 0 2 0 1
142 21 0 2 0 1
143 21 0 2 0 1
144 21 0 2 0 1
23 22 0 1 1 2
24 22 0 1 1 2
25 22 0 1 1 2
26 22 0 1 1 2
27 22 0 1 1 2
28 22 0 1 1 2
29 22 0 1 1 2
30 22 0 1 1 2
31 22 0 1 1 2
32 22 0 1 1 2
33 22 0 1 1 2
34 22 0 1 1 2
35 22 0 1 1 2
36 22 0 1 1 2
37 22 0 1 1 2
38 22 0 1 1 2
39 22 0 1 1 2
40 22 0 1 1 2
41 22 0 1 1 2
42 22 0 1 1 2
43 22 0 1 1 2
48 22 0 1 1 2
49 22 0 1 1 2
50 22 0 1 1 2
51 22 0 1 1 2
52 22 0 1 1 2
53 22 0 1 1 2
54 22 0 1 1 2
82 22 0 2 2 2
87 22 0 2 1 2
88 22 0 2 1 2
89 22 0 2 0 2
90 22 0 2 0 1
91 22 0 2 0 1
92 22 0 2 0 1
93 22 0 2 0 1
94 22 0 2 0 1
95 22 0 2 0 1
96 22 0 2 0 1
97 22 0 2 0 1
98 22 0 2 0 1
99 22 0 2 0 1
100 22 0 2 0 1
101 22 0 2 0 1
102 22 0 2 0 1
103 22 0 2 0 1
104 22 0 2 0 1
105 22 0 2 0 1
106 22 0 2 0 1
107 22 0 2 0 1
108 22 1 0 1 1
109 22 1 0 1 1
110 22 1 0 1 1
111 22 0 2 0 1
112 22 0 2 0 1
113 22 0 2 0 1
114 22 0 2 0 1
115 22 0 2 0 1
116 22 0 2 0 1
117 22 0 2 0 1
118 22 0 2 0 1
119 22 0 2 0 1
120 22 0 2 0 1
121 22 0 2 0 1
122 22 0 2 0 1
123 22 0 2 0 1
124 22 0 2 0 1
125 22 0 2 0 1
126 22 0 2 0 1
127 22 0 2 0 1
128 22 0 2 0 1
129 22 0 2 0 1
130 22 0 2 0 1
131 22 0 2 0 1
132 22 0 2 0 1
133 22 0 2 0 1
142 22 0 2 0 1
143 22 0 2 0 1
144 22 0 2 0 1
24 23 0 1 1 2
25 23 0 1 1 2
26 23 0 1 1 2
27 23 0 1 1 2
28 23 0 1 1 2
29 23 0 1 1 2
30 23 0 1 1 2
31 23 0 1 1 2
32 23 0 1 1 2
33 23 0 1 1 2
34 23 0 1 1 2
35 23 0 1 1 2
36 23 0 1 1 2
37 23 0 1 1 2
38 23 0 1 1 2
39 23 0 1 1 2
40 23 0 1 1 2
41 23 0 1 1 2
42 23 0 1 1 2
43 23 0 1 1 2
44 23 0 1 1 2
47 23 0 1 1 2
48 23 0 1 1 2
49 23 0 1 1 2
50 23 0 1 1 2
51 23 0 1 1 2
52 23 0 1 1 2
53 23 0 1 1 2
54 23 0 1 1 2
55 23 0 1 1 2
82 23 0 2 2 2
85 23 0 2 1 2
86 23 0 2 1 2
87 23 0 2 1 2
88 23 0 2 1 2
89 23 0 2 0 2
90 23 0 2 0 1
91 23 0 2 0 1
92 23 0 2 0 1
93 23 0 2 0 1
94 23 0 2 0 1
95 23 0 2 0 1
96 23 0 2 0 1
97 23 0 2 0 1
98 23 0 2 0 1
99 23 0 2 0 1
100 23 0 2 0 1
101 23 0 2 0 1
102 23 0 2 0 1
103 23 0 2 0 1
105 23 1 0 1 1
106 23 1 0 1 1
107 23 1 0 1 1
108 23 1 0 1 1
109 23 1 0 1 1
110 23 1 0 1 1
111 23 1 0 1 1
112 23 1 0 1 1
113 23 1 0 1 1
114 23 1 0 1 1
115 23 0 2 0 1
116 23 0 2 0 1
117 23 0 2 0 1
118 23 0 2 0 1
119 23 0 2 0 1
120 23 0 2 0 1
121 23 0 2 0 1
122 23 0 2 0 1
123 23 0 2 0 1
124 23 0 2 0 1
125 23 0 2 0 1
126 23 0 2 0 1
127 23 0 2 0 1
128 23 0 2 0 1
129 23 0 2 0 1
130 23 0 2 0 1
131 23 0 2 0 1
132 23 0 2 0 1 1 0
133 23 0 2 0 1
142 23 0 2 0 1
143 23 0 2 0 1
26 24 0 1 1 2
27 24 0 1 1 2
28 24 0 1 1 2
29 24 0 1 1 2
30 24 0 1 1 2
31 24 0 1 1 2
32 24 0 1 1 2
33 24 0 1 1 2
34 24 0 1 1 2
35 24 0 1 1 2
36 24 0 1 1 2
37 24 0 1 1 2
38 24 0 1 1 2
39 24 0 1 1 2
40 24 0 1 1 2
41 24 0 1 1 2
42 24 0 1 1 2
43 24 0 1 1 2
44 24 0 1 1 2
47 24 0 1 1 2
48 24 0 1 1 2
49 24 0 1 1 2
50 24 0 1 1 2
51 24 0 1 1 2
52 24 0 1 1 2
53 24 0 1 1 2
54 24 0 1 1 2
55 24 0 1 1 2
80 24 0 2 2 2
81 24 0 2 2 2
82 24 0 2 2 2
83 24 0 2 2 2
84 24 0 2 2 2
85 24 0 2 1 2
86 24 0 2 1 2
87 24 0 2 1 2
88 24 0 2 1 2
89 24 0 2 1 2
90 24 0 2 0 2
91 24 0 2 0 2
92 24 0 2 0 2
93 24 0 2 0 2
94 24 0 2 0 2
95 24 0 2 0 1
96 24 0 2 0 1
97 24 0 2 0 1
98 24 0 2 0 1
99 24 0 2 0 1
100 24 0 2 0 1
101 24 0 2 0 1
102 24 0 2 0 1
103 24 0 2 0 1
104 24 1 0 1 1
105 24 1 0 1 1
106 24 1 0 1 1
107 24 1 0 1 1
108 24 1 0 1 1
109 24 1 0 1 1
110 24 1 0 1 1
111 24 1 0 1 1
112 24 1 0 1 1
113 24 1 0 1 1
114 24 1 0 1 1
115 24 1 0 1 1
116 24 0 2 0 1
117 24 0 2 0 1
118 24 0 2 0 1
119 24 0 2 0 1
120 24 0 2 0 1
121 24 0 2 0 1
122 24 0 2 0 1
123 24 0 2 0 1
124 24 0 2 0 1
125 24 0 2 0 1
126 24 0 2 0 1
127 24 0 2 0 1
128 24 0 2 0 1
129 24 0 2 0 1
130 24 0 2 0 1
131 24 0 2 0 1
132 24 0 2 0 1
133 24 0 2 0 1
134 24 0 2 0 1
135 24 0 2 0 1
27 25 0 1 1 2
28 25 0 1 1 2
29 25 0 1 1 2
30 25 0 1 1 2
31 25 0 1 1 2
32 25 0 1 1 2
33 25 0 1 1 2
34 25 0 1 1 2
35 25 0 1 1 2
36 25 0 1 1 2
37 25 0 1 1 2
38 25 0 1 1 2
39 25 0 1 1 2
40 25 0 1 1 2
41 25 0 1 1 2
42 25 0 1 1 2
43 25 0 1 1 2
44 25 0 1 1 2
45 25 0 1 1 2
46 25 0 1 1 2
47 25 0 1 1 2
48 25 0 1 1 2
49 25 0 1 1 2
50 25 0 1 1 2
51 25 0 1 1 2
52 25 0 1 1 2
54 25 0 1 1 2
55 25 0 1 1 2
79 25 1 1 2 2
80 25 0 2 2 2
81 25 0 2 2 2
82 25 0 2 2 2
83 25 0 2 2 2
84 25 0 2 2 2
85 25 0 2 1 2
86 25 0 2 1 2
87 25 0 2 1 2
88 25 0 2 1 2
89 25 0 2 0 2
90 25 0 2 0 2
91 25 0 2 0 2
92 25 0 2 0 2
93 25 0 2 0 2
94 25 0 2 0 2
95 25 0 2 0 2
96 25 0 2 0 1
97 25 0 2 0 1
98 25 0 2 0 1
99 25 1 0 1 1
100 25 1 0 1 1
101 25 1 0 1 1
102 25 1 0 1 1
103 25 1 0 1 1
104 25 1 0 1 1
105 25 1 0 1 1
106 25 1 0 1 1
107 25 1 0 1 1
108 25 1 0 1 1
109 25 1 0 1 1
110 25 1 0 1 1
111 25 1 0 1 1
112 25 1 0 1 1
113 25 1 0 1 1
114 25 1 0 1 1
115 25 1 0 1 1
116 25 1 0 1 1
117 25 1 0 1 1
118 25 0 2 0 1
119 25 0 2 0 1
120 25 0 2 0 1
121 25 0 2 0 1
122 25 0 2 0 1
123 25 0 2 0 1
124 25 0 2 0 1
125 25 0 2 0 1
126 25 0 2 0 1
127 25 0 2 0 1
128 25 0 2 0 1
129 25 0 2 0 1
130 25 0 2 0 1
131 25 0 2 0 1
132 25 0 2 0 1
133 25 0 2 0 1
134 25 0 2 0 1
135 25 0 2 0 1
27 26 1 1 2 2
28 26 1 1 2 2
29 26 1 1 2 2
30 26 1 1 2 2
31 26 1 1 2 2
32 26 1 1 2 2
33 26 1 1 2 2
34 26 1 1 2 2
35 26 1 1 2 2
36 26 1 1 2 2
37 26 1 1 2 2
38 26 1 1 2 2
39 26 1 1 2 2
40 26 1 1 2 2 1 0
41 26 0 1 1 2
42 26 0 1 1 2
43 26 0 1 1 2
44 26 0 1 1 2
45 26 0 1 1 2
46 26 0 1 1 2
47 26 0 1 1 2
48 26 0 1 1 2
49 26 0 1 1 2
50 26 1 1 2 2
51 26 1 1 2 2
55 26 0 1 1 2
56 26 0 1 1 2
77 26 1 1 2 2
78 26 1 1 2 2
79 26 1 1 2 2
80 26 0 2 2 2 1 0
81 26 0 2 2 2
82 26 0 2 2 2
83 26 0 2 2 2
84 26 0 2 1 2
85 26 0 2 1 2
86 26 0 2 1 2
87 26 0 2 0 2
88 26 0 2 0 2
89 26 0 2 0 2
90 26 0 2 0 2
91 26 0 2 0 2
92 26 0 2 0 2
93 26 0 2 0 2
94 26 0 2 0 2
95 26 0 2 0 1
96 26 0 2 0 1
97 26 0 2 0 1
98 26 1 0 1 1
99 26 1 0 1 1
100 26 1 0 1 1
101 26 1 0 1 1
102 26 1 0 1 1
103 26 1 0 1 1
104 26 1 0 1 1
105 26 1 0 1 1 1 0
106 26 1 0 1 1
107 26 1 0 1 1
108 26 1 0 1 1
109 26 1 0 1 1
110 26 1 0 1 1
111 26 1 0 1 1
112 26 1 0 1 1
113 26 1 0 1 1
114 26 1 0 1 1
115 26 1 0 1 1
116 26 1 0 1 1
117 26 1 0 1 1
118 26 1 0 1 1
119 26 0 2 0 1
120 26 0 2 0 1
121 26 0 2 0 1
122 26 0 2 0 1
123 26 0 2 0 1
124 26 0 2 0 1
125 26 0 2 0 1
126 26 0 2 0 1
127 26 0 2 0 1
128 26 1 1 2 1 1 0
129 26 1 1 2 1
130 26 0 2 0 1
131 26 0 2 0 1
132 26 0 2 0 1
133 26 0 2 0 1
134 26 0 2 0 1
135 26 0 2 0 1
27 27 1 1 2 2
28 27 1 1 2 2
29 27 1 1 2 2
30 27 1 1 2 2
31 27 1 1 2 2
32 27 1 1 2 2
33 27 1 1 2 2
34 27 1 1 2 2
35 27 1 1 2 2
36 27 1 1 2 2
37 27 1 1 2 2
38 27 1 1 2 2
39 27 1 1 2 2
40 27 1 1 2 2
41 27 1 1 2 2
42 27 1 1 2 2
43 27 1 1 2 2
44 27 1 1 2 2
45 27 1 1 2 2
46 27 1 1 2 2
47 27 1 1 2 2
48 27 1 1 2 2
49 27 1 1 2 2
50 27 1 1 2 2
51 27 1 1 2 2
78 27 1 1 2 2
79 27 1 1 2 2
80 27 1 1 2 2
81 27 0 2 2 2
82 27 0 2 1 2
83 27 0 2 1 2
84 27 0 2 1 2
85 27 0 2 1 2
86 27 0 2 1 2
87 27 0 2 1 2
88 27 0 2 1 2
89 27 0 2 1 2
90 27 0 2 1 2
92 27 0 2 0 2
93 27 0 2 0 2
94 27 0 2 0 1
95 27 0 2 0 1
96 27 0 2 0 1
97 27 0 2 0 1
98 27 0 2 0 1
101 27 1 0 1 1
102 27 1 0 1 1
103 27 1 0 1 1
104 27 1 0 1 1
105 27 1 0 1 1
106 27 1 0 1 1
107 27 1 0 1 1
108 27 1 0 1 1
109 27 1 0 1 1
110 27 1 0 1 1
111 27 1 0 1 1
112 27 1 0 1 1
113 27 1 0 1 1
114 27 1 0 1 1
115 27 1 0 1 1
116 27 1 0 1 1
117 27 1 0 1 1
118 27 1 0 1 1
119 27 1 0 2 1
120 27 1 1 2 1
121 27 0 2 0 1
122 27 0 2 0 1
123 27 0 2 0 1
124 27 0 2 0 1
125 27 0 2 0 1
126 27 0 2 0 1
127 27 1 1 2 1
128 27 1 1 2 1
129 27 1 1 2 1
130 27 1 1 2 1
131 27 0 2 0 1
132 27 0 2 0 1
133 27 0 2 0 1
134 27 0 2 0 1
135 27 0 2 0 1
28 28 1 1 2 2
29 28 1 1 2 2
30 28 1 1 2 2
31 28 1 1 2 2
32 28 1 1 2 2
33 28 1 1 2 2
34 28 1 1 2 2
35 28 1 1 2 2
36 28 1 1 2 2
37 28 1 1 2 2
38 28 1 1 2 2
39 28 1 1 2 2
40 28 1 1 2 2
41 28 1 1 2 2
42 28 1 1 2 2
43 28 1 1 2 2
44 28 1 1 2 2
45 28 1 1 2 2
46 28 1 1 2 2
47 28 1 1 2 2
48 28 1 1 2 2
49 28 1 1 2 2
50 28 1 1 2 2
51 28 1 1 2 2
78 28 1 1 2 2
79 28 1 1 2 2
80 28 1 1 2 2
81 28 0 2 1 2
83 28 1 1 1 2
85 28 0 2 1 2
86 28 0 2 0 2
87 28 0 2 0 2
88 28 0 2 0 2
89 28 0 2 1 2
94 28 0 2 0 1
95 28 0 2 0 1
96 28 0 2 0 1
97 28 0 2 0 1
100 28 1 0 1 1
101 28 1 0 1 1
102 28 1 0 1 1
103 28 1 0 1 1
104 28 1 0 1 1
105 28 1 0 1 1
106 28 1 0 1 1
107 28 1 0 1 1
108 28 1 0 1 1
109 28 1 0 1 1
110 28 1 0 1 1
111 28 1 0 1 1
112 28 1 0 1 1
113 28 1 0 1 1
114 28 1 0 1 1
115 28 1 0 1 1
116 28 1 0 1 1
117 28 1 0 1 1
118 28 1 1 2 1
119 28 1 1 2 1
120 28 1 1 2 1
121 28 1 1 2 1
122 28 1 1 2 1
123 28 0 2 0 1
124 28 0 2 0 1
125 28 0 2 0 1
126 28 1 1 2 1
127 28 1 1 2 1
128 28 1 1 2 1
129 28 1 1 2 1
130 28 1 1 2 1
131 28 1 1 2 1
132 28 1 1 2 1
133 28 1 1 2 1
134 28 1 1 2 1
138 28 1 1 2 2
27 29 1 1 2 2 0 1
28 29 1 1 2 2
29 29 1 1 2 2
30 29 1 1 2 2
31 29 1 1 2 2
32 29 1 1 2 2
33 29 1 1 2 2
34 29 1 1 2 2
35 29 1 1 2 2
36 29 1 1 2 2
37 29 1 1 2 2
38 29 1 1 2 2
39 29 1 1 2 2
40 29 1 1 2 2
41 29 1 1 2 2
42 29 1 1 2 2
43 29 1 1 2 2
44 29 1 1 2 2
45 29 1 1 2 2
46 29 1 1 2 2
47 29 1 1 2 2
48 29 1 1 2 2
49 29 1 1 2 2
75 29 2 0 1 2
76 29 2 0 1 2
77 29 2 0 1 2
78 29 2 0 1 2
84 29 1 1 1 2
86 29 0 2 0 2
87 29 0 2 0 2
88 29 0 2 0 2
89 29 0 2 0 2
90 29 0 2 0 2
96 29 0 2 0 1
97 29 0 2 0 1
98 29 0 2 0 1
101 29 1 0 1 1
102 29 1 0 1 1
103 29 1 0 1 1
104 29 2 0 1 0
105 29 2 0 1 0
106 29 1 0 1 1
107 29 1 0 1 1
108 29 1 0 1 1
109 29 1 0 1 1
110 29 1 0 1 1
111 29 1 0 1 1
112 29 1 0 1 1
113 29 1 0 1 1
114 29 1 0 1 1
115 29 1 0 1 1
116 29 1 1 2 1
117 29 1 1 2 1
118 29 1 1 2 1
119 29 1 1 2 1
120 29 1 1 2 1
121 29 1 1 2 1
122 29 1 1 2 1
123 29 1 1 2 1
124 29 1 1 2 1
125 29 1 1 2 1
126 29 1 1 2 1
127 29 1 1 2 1
128 29 1 1 2 1
129 29 1 1 2 1
130 29 1 1 2 1
131 29 1 1 2 1
132 29 1 1 2 1
137 29 1 1 2 2
138 29 1 1 2 2
27 30 1 1 2 2
28 30 1 1 2 2
29 30 1 1 2 2
30 30 1 1 2 2
31 30 1 1 2 2
32 30 1 1 2 2
33 30 1 1 2 2
34 30 1 1 2 2
35 30 1 1 2 2
36 30 1 1 2 2
37 30 1 1 2 2
38 30 1 1 2 2
39 30 1 1 2 2
40 30 1 1 2 2
41 30 1 1 2 2
42 30 1 1 2 2
43 30 1 1 2 2
44 30 1 1 2 2
45 30 1 1 2 2
46 30 1 1 2 2
47 30 1 1 2 2
48 30 1 1 2 2
75 30 2 0 1 2
76 30 2 0 1 2
77 30 2 0 1 2
85 30 1 1 1 2
87 30 0 2 0 2
90 30 2 0 1 1
91 30 2 0 1 1
92 30 2 0 1 1
93 30 2 0 1 1
94 30 2 0 1 1
95 30 2 0 1 1
96 30 2 0 1 1
97 30 0 2 0 1
98 30 0 2 0 1
102 30 2 0 1 0
103 30 1 0 1 1
104 30 2 0 1 0
105 30 2 0 1 0
106 30 2 0 1 0
107 30 2 0 1 0
108 30 2 0 1 0
109 30 2 0 1 0
110 30 1 0 1 1
111 30 1 0 1 1
112 30 2 0 1 0
113 30 2 0 1 0
114 30 1 1 2 1
115 30 1 1 2 1
116 30 1 1 2 1
117 30 1 1 2 1
118 30 1 1 2 1
119 30 1 1 2 1
120 30 1 1 2 1
121 30 1 1 2 1
122 30 1 1 2 1
123 30 1 1 2 1
124 30 1 1 2 1
125 30 1 1 2 1
126 30 1 1 2 1
127 30 1 1 2 1
128 30 1 1 2 1
129 30 1 1 2 1
130 30 1 1 2 1
131 30 1 1 2 1
132 30 1 1 2 1
137 30 1 1 2 2
138 30 1 1 2 2
28 31 1 1 2 2
29 31 1 1 2 2
30 31 1 1 2 2
31 31 1 1 2 2
32 31 1 1 2 2
33 31 1 1 2 2
34 31 1 1 2 2
35 31 1 1 2 2
36 31 1 1 2 2
37 31 1 1 2 2
38 31 1 1 2 2
39 31 1 1 2 2
40 31 1 1 2 2
41 31 1 1 2 2
42 31 1 1 2 2
43 31 1 1 2 2
44 31 1 1 2 2
45 31 1 1 2 2
46 31 1 1 2 2
47 31 1 1 2 2
76 31 2 0 1 2
77 31 2 0 1 2
90 31 2 0 1 1
91 31 2 0 1 1
92 31 2 0 1 1
93 31 2 0 1 1
94 31 2 0 1 1
95 31 2 0 1 1
96 31 2 0 1 1
97 31 2 0 1 1
98 31 2 0 1 1
101 31 2 0 1 0
102 31 2 0 1 0
103 31 2 0 1 0
104 31 2 0 1 0
105 31 2 0 1 0
106 31 2 0 1 0
107 31 2 0 1 0
108 31 2 0 1 0
109 31 2 0 1 0
110 31 2 0 1 0
111 31 2 0 1 0
112 31 2 0 1 0
113 31 2 0 1 0
114 31 1 1 2 1
115 31 1 1 2 1
116 31 1 1 2 1
117 31 1 1 2 1
118 31 1 1 2 1
119 31 1 1 2 1
120 31 1 1 2 1
121 31 1 1 2 1
122 31 1 1 2 1
123 31 1 1 2 1
124 31 1 1 2 1
125 31 1 1 2 1
126 31 1 1 2 1
127 31 1 1 2 1
128 31 1 1 2 1
129 31 1 1 2 1
130 31 1 1 2 1
131 31 1 1 2 1
138 31 1 1 2 2 0 1
28 32 1 1 2 2
29 32 1 1 2 2
30 32 1 1 2 2
31 32 1 1 2 2
32 32 1 1 2 2
33 32 1 1 2 2
34 32 1 1 2 2
35 32 1 1 2 2
36 32 1 1 2 2
37 32 1 1 2 2
38 32 1 1 2 2
39 32 1 1 2 2
40 32 1 1 2 2
41 32 1 1 2 2
42 32 1 1 2 2
43 32 1 1 2 2
44 32 1 1 2 2
45 32 1 1 2 2
46 32 1 1 2 2 0 1
79 32 2 0 0 0
80 32 2 0 0 0
81 32 2 0 0 0
82 32 2 0 0 0
92 32 2 0 1 1
93 32 2 0 1 1
94 32 2 0 1 1
95 32 2 0 1 1
96 32 2 0 1 1
97 32 2 0 1 1
98 32 2 0 1 1
99 32 2 0 1 1
102 32 2 0 1 0
103 32 2 0 1 0
104 32 2 0 1 0
105 32 2 0 1 0
106 32 2 0 1 0
107 32 2 0 1 0
108 32 2 0 1 0
109 32 2 0 1 0
110 32 2 0 1 0
111 32 2 0 1 0
112 32 2 0 1 0
113 32 2 0 1 0
114 32 1 1 2 1
115 32 1 1 2 1
116 32 1 1 2 1
117 32 1 1 2 1
118 32 1 1 2 1
119 32 1 1 2 1
120 32 1 1 2 1
121 32 1 1 2 1
122 32 1 1 2 1
123 32 1 1 2 1
124 32 1 1 2 1
125 32 1 1 2 1
126 32 1 1 2 1
127 32 1 1 2 1
128 32 1 1 2 1
129 32 1 1 2 1
133 32 1 1 2 2
134 32 1 1 2 2
135 32 1 1 2 2
136 32 1 1 2 2
137 32 1 1 2 2 0 1
29 33 1 1 2 2
30 33 1 1 2 2
31 33 1 1 2 2
32 33 1 1 2 2
33 33 1 1 2 2
34 33 1 1 2 2
35 33 1 1 2 2
36 33 1 1 2 2
37 33 1 1 2 2
38 33 1 1 2 2
39 33 1 1 2 2
40 33 1 1 2 2
41 33 1 1 2 2
42 33 1 1 2 2
43 33 1 1 2 2
44 33 1 1 2 2
45 33 1 1 2 2
46 33 1 1 2 2
75 33 2 0 0 0
76 33 2 0 0 0
77 33 2 0 0 0
78 33 2 0 0 0
79 33 2 0 0 0
80 33 2 0 0 0
81 33 2 0 0 0
82 33 2 0 0 0
83 33 2 0 0 0
94 33 2 0 1 1
95 33 2 0 1 1
96 33 2 0 1 1
97 33 2 0 1 1
98 33 2 0 1 1
99 33 2 0 1 1
100 33 2 0 1 1
101 33 2 0 1 1
102 33 2 0 1 1
103 33 2 0 1 1
104 33 2 0 1 1
105 33 2 0 1 0
106 33 2 0 1 0
107 33 2 0 1 0
108 33 2 0 1 0
109 33 2 0 1 0
110 33 2 0 1 0
111 33 2 0 1 0
112 33 2 0 1 0
113 33 1 1 2 1
114 33 1 1 2 1
115 33 1 1 2 1
116 33 1 1 2 1
117 33 1 1 2 1
118 33 1 1 2 1
119 33 1 1 2 1
120 33 1 1 2 1
121 33 1 1 2 1
122 33 1 1 2 1
123 33 1 1 2 1
124 33 1 1 2 1
125 33 1 1 2 1
126 33 1 1 2 1
127 33 1 1 2 1
128 33 1 1 2 1
129 33 1 1 2 1
133 33 1 1 2 2
134 33 1 1 2 2
135 33 1 1 2 2
136 33 1 1 2 2
29 34 1 1 2 2
30 34 1 1 2 2
31 34 1 1 2 2
32 34 1 1 2 2
33 34 1 1 2 2
34 34 1 1 2 2
35 34 1 1 2 2
36 34 1 1 2 2
37 34 1 1 2 2
38 34 1 1 2 2
39 34 1 1 2 2
40 34 1 1 2 2
41 34 1 1 2 2
42 34 1 1 2 2
43 34 1 1 2 2
75 34 2 0 0 0
76 34 2 0 0 0
77 34 2 0 0 0
78 34 2 0 0 0
79 34 2 0 0 0
80 34 2 0 0 0
81 34 2 0 0 0
82 34 2 0 0 0
83 34 2 0 0 0
84 34 2 0 0 0
85 34 2 0 0 0
87 34 2 0 0 0
88 34 2 0 0 0
89 34 2 0 0 0
90 34 2 0 0 0
93 34 2 0 1 1
94 34 2 0 1 1
95 34 2 0 1 1
96 34 2 0 1 1
97 34 2 0 1 1
98 34 2 0 1 1
99 34 2 0 1 1
100 34 2 0 1 1
101 34 2 0 1 1
102 34 2 0 1 1
103 34 2 0 1 1
104 34 2 0 1 1
105 34 2 0 1 1
106 34 2 0 1 0
107 34 2 0 1 0
108 34 2 0 1 0
109 34 2 0 1 0
110 34 2 0 1 0
111 34 2 2 0 1
112 34 2 2 0 1
113 34 2 2 0 1
114 34 2 2 0 1
115 34 1 1 2 1
116 34 1 1 2 1
117 34 1 1 2 1
118 34 2 2 0 1
119 34 2 2 0 1
120 34 2 2 0 0
121 34 1 1 2 1
122 34 1 1 2 1
123 34 1 1 2 1
124 34 1 1 2 1
125 34 1 1 2 1
126 34 1 1 2 1
127 34 1 1 2 1
128 34 1 1 2 1
129 34 1 1 2 1
130 34 1 1 2 1
134 34 1 1 2 2
29 35 1 1 2 2
30 35 1 1 2 2
31 35 1 1 2 2
32 35 1 1 2 2
33 35 1 1 2 2
34 35 1 1 2 2
35 35 1 1 2 2
36 35 1 1 2 2
37 35 1 1 2 2
39 35 1 1 2 2
40 35 1 1 2 2
43 35 1 1 2 2
75 35 2 0 0 0
76 35 2 0 0 0
77 35 2 0 0 0
78 35 2 0 0 0 1 0
79 35 2 0 0 0
80 35 2 0 0 0
81 35 2 0 0 0
82 35 2 0 0 0
83 35 2 0 0 0
84 35 2 0 0 0
85 35 2 0 0 0
86 35 2 0 0 0
87 35 2 0 0 0
88 35 2 0 0 0
89 35 2 0 0 0
90 35 2 0 0 0
91 35 2 0 0 0
92 35 2 0 0 0
93 35 2 0 1 1
94 35 2 0 1 1
95 35 2 0 1 1
96 35 2 0 1 1
97 35 2 0 1 1
98 35 2 0 1 1
100 35 2 0 1 1
101 35 2 0 1 1
102 35 2 0 1 1
103 35 2 0 1 1
104 35 2 0 1 1
105 35 2 0 1 1
106 35 2 0 1 0
107 35 2 0 1 0
108 35 2 0 1 0
109 35 2 0 1 0
110 35 2 0 1 0
111 35 2 2 0 1
112 35 2 2 0 1
113 35 2 2 0 1
114 35 2 2 0 1
115 35 2 2 0 1
116 35 2 2 0 1
117 35 2 2 0 1
118 35 2 2 0 1
119 35 2 2 0 0
120 35 2 2 0 0
121 35 1 1 2 1
122 35 1 1 2 1
123 35 1 1 2 1
124 35 1 1 2 1
125 35 1 1 2 1
126 35 1 1 2 1 1 0
127 35 1 1 2 1
128 35 1 1 2 1
129 35 1 1 2 1
130 35 1 1 2 1 0 1
30 36 2 0 2 1
31 36 2 0 2 1
32 36 2 0 2 1
33 36 2 0 2 1
34 36 2 0 2 1
35 36 1 1 2 2
36 36 1 1 2 2
43 36 1 1 2 2
74 36 2 0 0 0
75 36 2 0 0 0
76 36 2 0 0 0
77 36 2 0 0 0
78 36 2 0 0 0
79 36 2 0 0 0
80 36 2 0 0 0
81 36 2 0 0 0
82 36 2 0 0 0
83 36 2 0 0 0
84 36 2 0 0 0
85 36 2 0 0 0
86 36 2 0 0 0
87 36 2 0 0 0
88 36 2 0 0 0
89 36 2 0 0 0
90 36 2 0 0 0
91 36 2 0 0 0
92 36 2 0 0 0
94 36 2 0 1 1
95 36 2 0 1 1
96 36 2 0 1 1
97 36 2 0 1 1
98 36 2 0 1 1
101 36 2 0 1 1
102 36 2 0 1 1
103 36 2 0 1 1
104 36 2 0 1 1
105 36 2 0 1 0
106 36 2 0 1 0
107 36 2 0 1 0
108 36 2 0 1 0
109 36 2 0 1 0
110 36 2 0 1 0
111 36 2 2 0 1
112 36 2 2 0 1
113 36 2 2 0 1
114 36 2 2 0 1
115 36 2 2 0 1
116 36 2 2 0 1
117 36 2 2 0 1
118 36 2 2 0 0
119 36 2 2 0 0
120 36 2 2 0 0
121 36 1 1 2 1
122 36 1 1 2 1
123 36 1 1 2 1
124 36 1 1 2 1
125 36 1 1 2 1
126 36 1 1 2 1
127 36 1 1 2 1
128 36 1 1 2 1
129 36 1 1 2 1
130 36 1 1 2 1
30 37 2 0 2 1
31 37 2 0 2 1
32 37 2 0 2 1
33 37 2 0 2 1 1 0
34 37 2 0 2 1
35 37 2 0 2 1
36 37 2 0 2 1
72 37 2 0 0 0
73 37 2 0 0 0
74 37 2 0 0 0
75 37 2 0 0 0
76 37 2 0 0 0
77 37 2 0 0 0
78 37 2 0 0 0
79 37 2 0 0 0
80 37 2 0 0 0
81 37 2 0 0 0
82 37 2 0 0 0
83 37 2 0 0 0
84 37 2 0 0 0
85 37 2 0 0 0
86 37 2 0 0 0
87 37 2 0 0 0
88 37 2 0 0 0
89 37 2 0 0 0
90 37 2 0 0 0
91 37 2 0 0 0
92 37 2 0 0 0
94 37 2 0 1 1
95 37 2 0 1 1
96 37 2 0 1 1
97 37 2 0 1 1 1 0
98 37 2 0 1 1
99 37 2 0 1 1
100 37 2 0 1 1
107 37 2 0 1 0
108 37 2 0 1 0
109 37 2 0 1 0
110 37 2 2 0 1
111 37 2 2 0 1 1 0
112 37 2 2 0 1
113 37 2 2 0 1
114 37 2 2 0 1
115 37 2 2 0 1
116 37 2 2 0 1
117 37 2 2 0 1
118 37 2 2 0 0
119 37 2 2 0 0
120 37 2 2 0 0
121 37 2 2 0 0
122 37 1 1 2 1
123 37 1 1 2 1
124 37 1 1 2 1
125 37 1 1 2 1
126 37 1 1 2 1
127 37 1 1 2 1
128 37 1 1 2 1
129 37 1 1 2 1
31 38 2 0 2 1
32 38 2 0 2 1
33 38 2 0 2 1
34 38 2 0 2 1
35 38 2 0 2 1
36 38 2 0 2 1
72 38 2 0 0 0
73 38 2 0 0 0
74 38 2 0 0 0
75 38 2 0 0 0
76 38 2 0 0 0
77 38 2 0 0 0
78 38 2 0 0 0
79 38 2 0 0 0
80 38 2 0 0 0
81 38 2 0 0 0
82 38 2 0 0 0
83 38 2 0 0 0
84 38 2 0 0 0
85 38 2 0 0 0
86 38 2 0 0 0
87 38 2 0 0 0
88 38 2 0 0 0
89 38 2 0 0 0
90 38 2 0 0 0
91 38 2 0 0 0
92 38 2 0 0 0
93 38 2 0 0 0
95 38 2 0 1 1
96 38 2 0 1 1
97 38 2 0 1 1
98 38 2 0 1 1
99 38 2 0 1 1
100 38 2 0 1 1
101 38 2 0 1 1
102 38 2 0 1 1
103 38 2 0 1 1
108 38 2 0 1 0
109 38 2 2 0 1
110 38 2 2 0 1
111 38 2 2 0 1
112 38 2 2 0 1
113 38 2 2 0 1
114 38 2 2 0 1
115 38 2 2 0 1
116 38 2 2 0 1
117 38 2 2 0 0
118 38 2 2 0 0
119 38 2 2 0 0
120 38 2 2 0 0
121 38 2 2 0 0
122 38 2 2 0 0
123 38 2 2 0 0
124 38 2 2 0 0
125 38 2 2 0 0
126 38 1 1 2 1
127 38 1 1 2 1
128 38 1 1 2 1
32 39 2 0 2 1
33 39 2 0 2 1
34 39 2 0 2 1
35 39 2 0 2 1
36 39 2 0 2 1
40 39 2 0 2 1
41 39 2 0 2 1
42 39 2 0 2 1
72 39 2 0 0 0
73 39 2 0 0 0
74 39 2 0 0 0
75 39 2 0 0 0
76 39 2 0 0 0
77 39 2 0 0 0
78 39 2 0 0 0
79 39 2 0 0 0
80 39 2 0 0 0
81 39 2 0 0 0
82 39 2 0 0 0
83 39 2 0 0 0
84 39 2 0 0 0
85 39 2 0 0 0
86 39 2 0 0 0
87 39 2 0 0 0
88 39 2 0 0 0
89 39 2 0 0 0
90 39 2 0 0 0
91 39 2 0 0 0
92 39 2 0 0 0
93 39 2 0 0 0
94 39 2 0 0 0
96 39 2 0 1 1
97 39 2 0 1 1
98 39 2 0 1 1
99 39 2 0 1 1
100 39 2 0 1 1
101 39 2 0 1 1
102 39 2 0 1 1
103 39 2 0 1 1
109 39 2 2 0 1
110 39 2 2 0 1
111 39 2 2 0 1
112 39 2 2 0 1
113 39 2 2 0 1
114 39 2 2 0 1
115 39 2 2 0 1
116 39 2 2 0 1
117 39 2 2 0 1
118 39 2 2 0 0
119 39 2 2 0 0
120 39 2 2 0 0
121 39 2 2 0 0
122 39 2 2 0 0
123 39 2 2 0 0
124 39 2 2 0 0
34 40 2 0 2 1
35 40 2 0 2 1
36 40 2 0 2 1
37 40 2 0 2 1
40 40 2 0 2 1
41 40 2 0 2 1
72 40 2 0 0 0
73 40 2 0 0 0
74 40 2 0 0 0
75 40 2 0 0 0
76 40 2 0 0 0
77 40 2 0 0 0
78 40 2 0 0 0
79 40 2 0 0 0
80 40 2 0 0 0
81 40 2 0 0 0
82 40 2 0 0 0
83 40 2 0 0 0
84 40 2 0 0 0
85 40 2 0 0 0
86 40 2 0 0 0
87 40 2 0 0 0
88 40 2 0 0 0 1 0
89 40 2 0 0 0
90 40 2 0 0 0
91 40 2 0 0 0
92 40 2 0 0 0
93 40 2 0 0 0
94 40 2 0 0 0
96 40 2 0 1 1
97 40 2 0 1 1
98 40 2 0 1 1
99 40 2 0 1 1
100 40 2 0 1 1
101 40 2 0 1 1
102 40 2 0 1 1 0 1
110 40 2 2 0 1
111 40 2 2 0 1
112 40 2 2 0 1
113 40 2 2 0 1
114 40 2 2 0 1
118 40 2 2 0 0
119 40 2 2 0 0
120 40 2 2 0 0
121 40 2 2 0 0
122 40 2 2 0 0
123 40 2 2 0 0
124 40 2 2 0 0
36 41 2 0 2 1
37 41 2 0 2 1
38 41 2 0 2 1
39 41 2 0 2 1
40 41 2 0 2 1
41 41 2 2 0 0
42 41 2 2 0 0
72 41 2 0 0 0
73 41 2 0 0 0
74 41 2 0 0 0
75 41 2 0 0 0
76 41 2 0 0 0
77 41 2 0 0 0
78 41 2 0 0 0
79 41 2 0 0 0
80 41 2 0 0 0
81 41 2 0 0 0
82 41 2 0 0 0
83 41 2 0 0 0
84 41 2 0 0 0
85 41 2 0 0 0
86 41 2 0 0 0
87 41 2 0 0 0
88 41 2 0 0 0
89 41 2 0 0 0
90 41 2 0 0 0
91 41 2 0 0 0
92 41 2 0 0 0
93 41 2 0 0 0
94 41 2 0 0 0
95 41 2 0 0 0
97 41 2 0 1 1
98 41 2 0 1 1
99 41 2 0 1 1
100 41 2 0 1 1
110 41 2 2 0 1
111 41 2 2 0 1
112 41 2 2 0 1
113 41 2 2 0 1
119 41 2 2 0 0
120 41 2 2 0 0
121 41 2 2 0 0
122 41 2 2 0 0
123 41 2 2 0 0
124 41 2 2 0 0
125 41 2 2 0 0
39 42 2 0 2 1
40 42 2 2 0 0
41 42 2 2 0 0
42 42 2 2 0 0
43 42 2 2 0 0
71 42 2 0 0 0
72 42 2 0 0 0
73 42 2 0 0 0
74 42 2 0 0 0
75 42 2 0 0 0
76 42 2 0 0 0
77 42 2 0 0 0
78 42 2 0 0 0
79 42 2 0 0 0
80 42 2 0 0 0
81 42 2 0 0 0
82 42 2 0 0 0
83 42 2 0 0 0
84 42 2 0 0 0
85 42 2 0 0 0
86 42 2 0 0 0
87 42 2 0 0 0
88 42 2 0 0 0
89 42 2 0 0 0
90 42 2 0 0 0
91 42 2 0 0 0
92 42 2 0 0 0
93 42 2 0 0 0
94 42 2 0 0 0
95 42 2 0 0 0
97 42 2 0 1 1
111 42 2 2 0 1
112 42 2 2 0 1
120 42 2 2 0 0
121 42 2 2 0 0
122 42 2 2 0 0
123 42 2 2 0 0
124 42 2 2 0 0
125 42 2 2 0 0
41 43 2 2 0 0
42 43 2 2 0 0
43 43 2 2 0 0
48 43 2 2 0 0
49 43 2 2 0 0
51 43 2 2 0 0
52 43 2 2 0 0
71 43 2 0 0 0
72 43 2 0 0 0
73 43 2 0 0 0
74 43 2 0 0 0
75 43 2 0 0 0
76 43 2 0 0 0
77 43 2 0 0 0
78 43 2 0 0 0
79 43 2 0 0 0
80 43 2 0 0 0
81 43 2 0 0 0
82 43 2 0 0 0
83 43 2 0 0 0
84 43 2 0 0 0
85 43 2 0 0 0
86 43 2 0 0 0
87 43 2 0 0 0
88 43 2 0 0 0
89 43 2 0 0 0
90 43 2 0 0 0
91 43 2 0 0 0
92 43 2 0 0 0
93 43 2 0 0 0
94 43 2 0 0 0
95 43 2 0 0 0
96 43 2 0 0 0
100 43 2 0 0 0
101 43 2 0 0 0
111 43 2 2 0 1
112 43 2 2 0 1
121 43 2 2 0 0
122 43 2 2 0 0
124 43 2 2 0 0
125 43 2 2 0 0
42 44 2 2 0 0
43 44 2 2 0 0
44 44 2 2 0 0
45 44 2 2 0 0
47 44 2 2 0 0
48 44 2 2 0 0
49 44 2 2 0 0
50 44 2 2 0 0
51 44 2 2 0 0
52 44 2 2 0 0
72 44 2 0 0 0
73 44 2 0 0 0
74 44 2 0 0 0
75 44 2 0 0 0
76 44 2 0 0 0
77 44 2 0 0 0
78 44 2 0 0 0
79 44 2 0 0 0
80 44 2 0 0 0
81 44 2 0 0 0
82 44 2 0 0 0
83 44 2 0 0 0
84 44 2 0 0 0
85 44 2 0 0 0
86 44 2 0 0 0
87 44 2 0 0 0
88 44 2 0 0 0
89 44 2 0 0 0
90 44 2 0 0 0
91 44 2 0 0 0
92 44 2 0 0 0
93 44 2 0 0 0
94 44 2 0 0 0 1 0
95 44 2 0 0 0
96 44 2 0 0 0
97 44 2 0 0 0
98 44 2 0 0 0
99 44 2 0 0 0
100 44 2 0 0 0
122 44 2 2 0 0
43 45 2 2 0 0
44 45 2 2 0 0
45 45 2 2 0 0
46 45 2 2 0 0
47 45 2 2 0 0
48 45 2 2 0 0
49 45 2 2 0 0
50 45 2 2 0 0
51 45 2 2 0 0
52 45 2 2 0 0
53 45 1 1 0 2
73 45 2 0 0 0
74 45 2 0 0 0
75 45 2 0 0 0
76 45 2 0 0 0
77 45 2 0 0 0
78 45 2 0 0 0
79 45 2 0 0 0
80 45 2 0 0 0
81 45 2 0 0 0
82 45 2 0 0 0
83 45 2 0 0 0
84 45 2 0 0 0
85 45 2 0 0 0
86 45 2 0 0 0
87 45 2 0 0 0
88 45 2 0 0 0
89 45 2 0 0 0
90 45 2 0 0 0
91 45 2 0 0 0
92 45 2 0 0 0
93 45 2 0 0 0
94 45 2 0 0 0
95 45 2 0 0 0
96 45 2 0 0 0
97 45 2 0 0 0
98 45 2 0 0 0
99 45 2 0 0 0
122 45 2 2 0 0
123 45 2 2 0 0 0 1
45 46 2 2 0 0
46 46 2 2 0 0
47 46 2 2 0 0
48 46 2 2 0 0
49 46 2 2 0 0
50 46 2 2 0 0
51 46 1 1 0 2
52 46 1 1 0 2
53 46 1 1 0 2
54 46 1 1 0 2
55 46 1 1 0 2
56 46 2 2 0 2
75 46 2 0 0 0
82 46 2 0 0 0
83 46 2 0 0 0
84 46 2 0 0 0
85 46 2 0 0 0
86 46 2 0 0 0
87 46 2 0 0 0
88 46 2 0 0 0
89 46 2 0 0 0
90 46 2 0 0 0
91 46 2 0 0 0
92 46 2 0 0 0
93 46 2 0 0 0
94 46 2 0 0 0
95 46 2 0 0 0
96 46 2 0 0 0
97 46 2 0 0 0
98 46 2 0 0 0
99 46 2 0 0 0
120 46 2 2 0 1
129 46 2 2 0 1
130 46 2 2 0 1
131 46 2 2 0 1
132 46 2 2 0 1
45 47 2 2 0 0
46 47 2 2 0 0
47 47 2 2 0 0
48 47 1 1 0 2 1 0
49 47 1 1 0 2
50 47 1 1 0 2
51 47 1 1 0 2
52 47 1 1 0 2
53 47 1 1 0 2
54 47 1 1 0 2
55 47 2 2 0 2
56 47 2 2 0 2
83 47 2 0 0 0
84 47 2 0 0 0
85 47 2 0 0 0
86 47 2 0 0 0
87 47 2 0 0 0
88 47 2 0 0 0
89 47 2 0 0 0
90 47 2 0 0 0
91 47 2 0 0 0
92 47 2 0 0 0
93 47 2 0 0 0
94 47 2 0 0 0
95 47 2 0 0 0
96 47 2 0 0 0
97 47 2 0 0 0
98 47 2 0 0 0
121 47 2 2 0 1
122 47 2 2 0 1
127 47 2 2 0 1
128 47 2 2 0 1
129 47 2 2 0 1 1 0
130 47 2 2 0 1
131 47 2 2 0 1
132 47 2 2 0 1
134 47 2 1 1 2
44 48 2 2 0 0
45 48 2 2 0 0
46 48 1 1 0 2
47 48 1 1 0 2
48 48 1 1 0 2
49 48 1 1 0 2
50 48 1 1 0 2
51 48 2 2 0 2
52 48 2 2 0 2
53 48 2 2 0 2
54 48 2 2 0 2
55 48 2 2 0 2
56 48 2 2 0 2
57 48 2 2 0 2
58 48 2 2 0 2
82 48 2 0 0 0
83 48 2 0 0 0
84 48 2 0 0 0
85 48 2 0 0 0
86 48 2 0 0 0
87 48 2 0 0 0
88 48 2 0 0 0
89 48 2 0 0 0
90 48 2 0 0 0
91 48 2 0 0 0
92 48 2 0 0 0
93 48 2 0 0 0
94 48 2 0 0 0
95 48 2 0 0 0
96 48 2 0 0 0
122 48 2 2 0 1
123 48 2 2 0 1
126 48 2 2 0 1
127 48 2 2 0 1
128 48 2 2 0 1
129 48 2 2 0 1
130 48 2 2 0 1
131 48 2 2 0 1
132 48 2 2 0 1
135 48 2 1 1 2
136 48 2 1 1 2
137 48 2 1 1 2
138 48 2 1 1 2
139 48 2 1 1 2
43 49 1 1 0 2
44 49 1 1 0 2
45 49 1 1 0 2
46 49 1 1 0 2
47 49 1 1 0 2
48 49 1 1 0 2
49 49 2 2 0 2
50 49 2 2 0 2
51 49 2 2 0 2
52 49 2 2 0 2
53 49 2 2 0 2
54 49 2 2 0 2
55 49 2 2 0 2
56 49 2 2 0 2
57 49 2 2 0 2
58 49 2 2 0 2
59 49 2 2 0 2
60 49 2 2 0 2
61 49 2 2 0 2
83 49 2 0 0 0
84 49 2 0 0 0
85 49 2 0 0 0
86 49 2 0 0 0
87 49 2 0 0 0
88 49 2 0 0 0
89 49 2 0 0 0
90 49 2 0 0 0
91 49 2 0 0 0
92 49 2 0 0 0
93 49 2 0 0 0
94 49 2 0 0 0
95 49 2 0 0 0
123 49 2 2 0 1
124 49 2 2 0 1
127 49 2 2 0 1
128 49 2 2 0 1
129 49 2 2 0 1
130 49 2 2 0 1
131 49 2 2 0 1
136 49 2 1 1 2
137 49 2 1 1 2
138 49 2 1 1 2
139 49 2 1 1 2
140 49 2 1 1 2
44 50 1 1 0 2
45 50 1 1 0 2
46 50 1 1 0 2
47 50 1 1 0 2
48 50 1 1 0 2
49 50 2 2 0 2
50 50 2 2 0 2
51 50 2 2 0 2
52 50 2 2 0 2
53 50 2 2 0 2
54 50 2 2 0 2
55 50 2 2 0 2
56 50 2 2 0 2
57 50 2 2 0 2
58 50 2 2 0 2
59 50 2 2 0 2
60 50 2 2 0 2
61 50 2 2 0 2
62 50 2 2 0 2
83 50 2 0 0 0
84 50 2 0 0 0
85 50 2 0 0 0
86 50 2 0 0 0
87 50 2 0 0 0
88 50 2 0 0 0
89 50 2 0 0 0
90 50 2 0 0 0
91 50 2 0 0 0
92 50 2 0 0 0
93 50 2 0 0 0
94 50 2 0 0 0
95 50 2 0 0 0
104 50 1 1 0 0
124 50 2 2 0 1
125 50 2 2 0 1
126 50 2 2 0 1
137 50 2 1 1 2
138 50 2 1 1 2
139 50 2 1 1 2
140 50 2 1 1 2
44 51 1 1 0 2
45 51 1 1 0 2
46 51 1 1 0 2
47 51 1 1 0 2
48 51 1 1 0 2
49 51 2 2 0 2
50 51 2 2 0 2
51 51 2 2 0 2
52 51 2 2 0 2
53 51 2 2 0 2
54 51 2 2 0 2
55 51 2 2 0 2
56 51 2 2 0 2
57 51 2 2 0 2
58 51 2 2 0 2
59 51 2 2 0 2
60 51 2 2 0 2
61 51 2 2 0 2
62 51 2 2 0 2
63 51 2 2 0 2
84 51 2 0 0 0
85 51 2 0 0 0
86 51 2 0 0 0
87 51 2 0 0 0
88 51 2 0 0 0
89 51 2 0 0 0
90 51 2 0 0 0
91 51 2 0 0 0
92 51 2 0 0 0
93 51 2 0 0 0
94 51 2 0 0 0
95 51 2 0 0 0
103 51 1 1 0 0
125 51 2 2 0 1
126 51 2 2 0 1
127 51 2 2 0 1
128 51 2 2 0 1
129 51 2 2 0 1
130 51 2 2 0 1
45 52 1 1 0 2
46 52 1 1 0 2
47 52 1 1 0 2
48 52 1 1 0 2
49 52 2 2 0 2
50 52 2 2 0 2
51 52 2 2 0 2
52 52 2 2 0 2
53 52 2 2 0 2
54 52 2 2 0 2
55 52 2 2 0 2
56 52 2 2 0 2
57 52 2 2 0 2
58 52 2 2 0 2
59 52 2 2 0 2
60 52 2 2 0 2
61 52 2 2 0 2
62 52 2 2 0 2
84 52 2 0 0 0
85 52 2 0 0 0
86 52 2 0 0 0
87 52 2 0 0 0
88 52 2 0 0 0
89 52 2 0 0 0
90 52 2 0 0 0
91 52 2 0 0 0
92 52 2 0 0 0
93 52 2 0 0 0
94 52 2 0 0 0
95 52 2 0 0 0
102 52 1 1 0 0
103 52 1 1 0 0
130 52 2 2 0 1
131 52 2 2 0 1
132 52 2 2 0 1
45 53 1 1 0 2
46 53 1 1 0 2
47 53 1 1 0 2
48 53 1 1 0 2
49 53 1 1 0 2
50 53 2 2 0 2
51 53 2 2 0 2
52 53 2 2 0 2
53 53 2 2 0 2
54 53 2 2 0 2
55 53 2 2 0 2
56 53 2 2 0 2
57 53 2 2 0 2
58 53 2 2 0 2
59 53 2 2 0 2
60 53 2 2 0 2
61 53 2 2 0 2
84 53 2 0 0 0
85 53 2 0 0 0
86 53 2 0 0 0
87 53 2 0 0 0
88 53 2 0 0 0
89 53 2 0 0 0
90 53 2 0 0 0
91 53 2 0 0 0
92 53 2 0 0 0
93 53 2 0 0 0
94 53 2 0 0 0
95 53 2 0 0 0
102 53 1 1 0 0
103 53 1 1 0 0
137 53 2 0 2 2
140 53 2 0 2 2
46 54 1 1 0 2
47 54 1 1 0 2
48 54 1 1 0 2
49 54 1 1 0 2
50 54 2 2 0 2
51 54 2 2 0 2
52 54 2 2 0 2
53 54 2 2 0 2
54 54 2 2 0 2
55 54 2 2 0 2
56 54 2 2 0 2
57 54 2 2 0 2
58 54 2 2 0 2
59 54 2 2 0 2
60 54 2 2 0 2
61 54 2 2 0 2
83 54 2 0 0 0
84 54 2 0 0 0
85 54 2 0 0 0
86 54 2 0 0 0
87 54 2 0 0 0
88 54 2 0 0 0
89 54 2 0 0 0
90 54 2 0 0 0
91 54 2 0 0 0
92 54 2 0 0 0
93 54 2 0 0 0
94 54 2 0 0 0
95 54 2 0 0 0
96 54 2 0 0 0
102 54 1 1 0 0
103 54 1 1 0 0
133 54 2 0 2 2
135 54 2 0 2 2
136 54 2 0 2 2
137 54 2 0 2 2
140 54 2 0 2 2
141 54 2 0 2 2
47 55 1 1 0 2
48 55 1 1 0 2
49 55 1 1 0 2
50 55 1 1 0 2
51 55 2 2 0 2
52 55 2 2 0 2
53 55 2 2 0 2
54 55 2 2 0 2
55 55 2 2 0 2
56 55 2 2 0 2
57 55 2 2 0 2
58 55 2 2 0 2
59 55 2 2 0 2 1 0
60 55 2 2 0 2
61 55 2 2 0 2
62 55 2 2 0 2
83 55 2 0 0 0
84 55 2 0 0 0
85 55 2 0 0 0
86 55 2 0 0 0
87 55 2 0 0 0
88 55 2 0 0 0 1 0
89 55 2 0 0 0
90 55 2 0 0 0
91 55 2 0 0 0
92 55 2 0 0 0
93 55 2 0 0 0
94 55 2 0 0 0
101 55 1 1 0 0
102 55 1 1 0 0
103 55 1 1 0 0
132 55 2 0 2 2
133 55 2 0 2 2
134 55 2 0 2 2
135 55 2 0 2 2
136 55 2 0 2 2
137 55 2 0 2 2
138 55 2 0 2 2
139 55 2 0 2 2
140 55 2 0 2 2
141 55 2 0 2 2
48 56 1 1 0 2
49 56 1 1 0 2
50 56 1 1 0 2
51 56 1 1 0 2
52 56 2 2 0 2
53 56 2 2 0 2
54 56 2 2 0 2
55 56 2 2 0 2
56 56 2 2 0 2
57 56 2 2 0 2
58 56 2 2 0 2
59 56 2 2 0 2
60 56 2 2 0 2
61 56 2 2 0 2
84 56 2 0 0 0
85 56 2 0 0 0
86 56 2 0 0 0
87 56 2 0 0 0
88 56 2 0 0 0
89 56 2 0 0 0
90 56 2 0 0 0
91 56 2 0 0 0
92 56 2 0 0 0
93 56 2 0 0 0
100 56 1 1 0 0
101 56 1 1 0 0 1 0
102 56 1 1 0 0 0 1
132 56 2 0 2 2
133 56 2 0 2 2
134 56 2 0 2 2
135 56 2 0 2 2
136 56 2 0 2 2
137 56 2 0 2 2
138 56 2 0 2 2
139 56 2 0 2 2
140 56 2 0 2 2
141 56 2 0 2 2
48 57 1 1 0 2
49 57 1 1 0 2
50 57 1 1 0 2
51 57 1 1 0 2
52 57 1 1 0 2
53 57 2 2 0 2
54 57 2 2 0 2
55 57 2 2 0 2
56 57 2 2 0 2
57 57 2 2 0 2
58 57 2 2 0 2
59 57 2 2 0 2
60 57 2 2 0 2
61 57 2 2 0 2
85 57 2 0 0 0
86 57 2 0 0 0
87 57 2 0 0 0
88 57 2 0 0 0
89 57 2 0 0 0
90 57 2 0 0 0
91 57 2 0 0 0
92 57 2 0 0 0
93 57 2 0 0 0
99 57 1 1 0 0
100 57 1 1 0 0
101 57 1 1 0 0
102 57 1 1 0 0
129 57 2 0 2 2
130 57 2 0 2 2
131 57 2 0 2 2
132 57 2 0 2 2
133 57 2 0 2 2
134 57 2 0 2 2
135 57 2 0 2 2 1 0
136 57 2 0 2 2
137 57 2 0 2 2
138 57 2 0 2 2
139 57 2 0 2 2
140 57 2 0 2 2
141 57 2 0 2 2
142 57 2 0 2 2
143 57 2 0 2 2
48 58 1 1 0 2
49 58 1 1 0 2
50 58 1 1 0 2
51 58 1 1 0 2
52 58 1 1 0 2
53 58 1 1 0 2
54 58 2 2 0 2
55 58 2 2 0 2
56 58 2 2 0 2
57 58 2 2 0 2
58 58 2 2 0 2
85 58 2 0 0 0
86 58 2 0 0 0
87 58 2 0 0 0
88 58 2 0 0 0
89 58 2 0 0 0
90 58 2 0 0 0
91 58 2 0 0 0
92 58 2 0 0 0
93 58 2 0 0 0
99 58 1 1 0 0
100 58 1 1 0 0
101 58 1 1 0 0
102 58 1 1 0 0
127 58 2 0 2 2
128 58 2 0 2 2
129 58 2 0 2 2
130 58 2 0 2 2
131 58 2 0 2 2
132 58 2 0 2 2
133 58 2 0 2 2
134 58 2 0 2 2
135 58 2 0 2 2
136 58 2 0 2 2
137 58 2 0 2 2
138 58 2 0 2 2
139 58 2 0 2 2
140 58 2 0 2 2
141 58 2 0 2 2
142 58 2 0 2 2
143 58 2 0 2 2
48 59 1 1 0 2
49 59 1 1 0 2
50 59 1 1 0 2
51 59 1 1 0 2
52 59 1 1 0 2
53 59 1 1 0 2
54 59 1 1 0 2
55 59 2 2 0 2
56 59 2 2 0 2
57 59 2 2 0 2
85 59 2 0 0 0
86 59 2 0 0 0
87 59 2 0 0 0
88 59 2 0 0 0
89 59 2 0 0 0
90 59 2 0 0 0
91 59 2 0 0 0
92 59 2 0 0 0
100 59 1 1 0 0
101 59 1 1 0 0
127 59 2 0 2 2
128 59 2 0 2 2
129 59 2 0 2 2
130 59 2 0 2 2
131 59 2 0 2 2
132 59 2 0 2 2
133 59 2 0 2 2
134 59 2 0 2 2
135 59 2 0 2 2
136 59 2 0 2 2
137 59 2 0 2 2
138 59 2 0 2 2
139 59 2 0 2 2
140 59 2 0 2 2
141 59 2 0 2 2
142 59 2 0 2 2
143 59 2 0 2 2
48 60 1 1 0 2
49 60 1 1 0 2
50 60 1 1 0 2
51 60 1 1 0 2
52 60 1 1 0 2
53 60 1 1 0 2
54 60 1 1 0 2
55 60 1 1 0 2
56 60 2 2 0 2
57 60 2 2 0 2 0 1
85 60 2 0 0 0
86 60 2 0 0 0
87 60 2 0 0 0
88 60 2 0 0 0
89 60 2 0 0 0
90 60 2 0 0 0
91 60 2 0 0 0
127 60 2 0 2 2
128 60 2 0 2 2
129 60 2 0 2 2
130 60 2 0 2 2
131 60 2 0 2 2
132 60 2 0 2 2
133 60 2 0 2 2
134 60 2 0 2 2
135 60 2 0 2 2
136 60 2 0 2 2
137 60 2 0 2 2
138 60 2 0 2 2
139 60 2 0 2 2
140 60 2 0 2 2
141 60 2 0 2 2
142 60 2 0 2 2
143 60 2 0 2 2
48 61 1 1 0 2
49 61 1 1 0 2
50 61 1 1 0 2
51 61 1 1 0 2
52 61 1 1 0 2
53 61 1 1 0 2
54 61 1 1 0 2
55 61 1 1 0 2
56 61 1 1 0 2
86 61 2 0 0 0
87 61 2 0 0 0
88 61 2 0 0 0
89 61 2 0 0 0
90 61 2 0 0 0
127 61 2 0 2 2
128 61 2 0 2 2
129 61 2 0 2 2
130 61 2 0 2 2
131 61 2 0 2 2
132 61 2 0 2 2
133 61 2 0 2 2
135 61 2 0 2 2
136 61 2 0 2 2
137 61 2 0 2 2
138 61 2 0 2 2
139 61 2 0 2 2
140 61 2 0 2 2
141 61 2 0 2 2
142 61 2 0 2 2
143 61 2 0 2 2
144 61 2 0 2 2
48 62 1 1 0 2
49 62 1 1 0 2
50 62 1 1 0 2
51 62 1 1 0 2
52 62 1 1 0 2
53 62 1 1 0 2
54 62 1 1 0 2
55 62 1 1 0 2
56 62 1 1 0 2
86 62 2 0 0 0
87 62 2 0 0 0
88 62 2 0 0 0
89 62 2 0 0 0
128 62 2 0 2 2
129 62 2 0 2 2
130 62 2 0 2 2
136 62 2 0 2 2
137 62 2 0 2 2
138 62 2 0 2 2
139 62 2 0 2 2
140 62 2 0 2 2
141 62 2 0 2 2
142 62 2 0 2 2
48 63 1 1 0 2
49 63 1 1 0 2
50 63 1 1 0 2
51 63 1 1 0 2
52 63 1 1 0 2
53 63 1 1 0 2
54 63 1 1 0 2
55 63 1 1 0 2
56 63 1 1 0 2
87 63 2 0 0 0
128 63 2 0 2 2 0 1
137 63 2 0 2 2
138 63 2 0 2 2
139 63 2 0 2 2
140 63 2 0 2 2 1 0
141 63 2 0 2 2
152 63 1 1 2 2
153 63 1 1 2 2
48 64 1 1 0 2
49 64 1 1 0 2
50 64 1 1 0 2
51 64 1 1 0 2
52 64 1 1 0 2
53 64 1 1 0 2
54 64 1 1 0 2
138 64 2 0 2 2
139 64 2 0 2 2
140 64 2 0 2 2
151 64 1 1 2 2
152 64 1 1 2 2
153 64 1 1 2 2
154 64 1 1 2 2
48 65 1 1 0 2
49 65 1 1 0 2
50 65 1 1 0 2
51 65 1 1 0 2
52 65 1 1 0 2
150 65 1 1 2 2
151 65 1 1 2 2 1 0
152 65 1 1 2 2
47 66 1 1 0 2
48 66 1 1 0 2
49 66 1 1 0 2
50 66 1 1 0 2
51 66 1 1 0 2
52 66 1 1 0 2
149 66 1 1 2 2
150 66 1 1 2 2
151 66 1 1 2 2
48 67 1 1 0 2
49 67 1 1 0 2
50 67 1 1 0 2
51 67 1 1 0 2
52 67 1 1 0 2
148 67 1 1 2 2 1 1
149 67 1 1 2 2
150 67 1 1 2 2
49 68 1 1 0 2
50 68 1 1 0 2
51 68 1 1 0 2
147 68 1 1 2 2
148 68 1 1 2 2
149 68 1 1 2 2
49 69 1 1 0 2
50 69 1 1 0 2
51 69 1 1 0 2
48 70 1 1 0 2
49 70 1 1 0 2
50 70 1 1 0 2
51 70 1 1 0 2
48 71 1 1 0 2
49 71 1 1 0 2
50 71 1 1 0 2
50 72 1 1 0 2
